79285663379
79285692409
79285741497
79285778943
79285874615
79286410141
79286420440
79286422438
79286433346
79286433632
79286448484
79286453041
79286454036
79286461805
79286470919
79286495229
79286498083
79286533000
79286549911
79286555038
79286555114
79286564313
79286572685
79286577745
79286580848
79286745250
79286815174
79286829299
79286844218
79286932462
79286964177
79286980024
79286984883
79287074007
79287152534
79287172694
79287177332
79287234120
79287250700
79287253150
79287306487
79287319089
79287350255
79287371007
79287415138
79287430224
79287444879
79287449899
79287479926
79287491648
79287815666
79287843939
79287847304
79287850343
79287855359
79287866505
79287871693
79287873486
79287891677
79287893318
79287898718
79288070427
79288245418
79288646245
79288785204
79288853731
79288898801
79288901545
79288909304
79288917660
79288926518
79288931640
79288940692
79288944987
79288954990
79288963935
79288987381
79288988321
79288993070
79289226636
79289231950
79289234393
79289235322
79289242044
79289247778
79289283825
79289401871
79289403115
79289428589
79289440352
79289459488
79289461429
79289466588
79289469690
79289491096
79289526039
79289527031
79289535820
79289694499
79289714036